{
 "cells": [
  {
   "cell_type": "code",
   "execution_count": 49,
   "metadata": {},
   "outputs": [],
   "source": [
    "import os\n",
    "os.getcwd()\n",
    "os.chdir('C:/Users/L-ven Lew/Desktop/UM/Semester 4 UM/WQD 7005 Data Mining/Online Testing 1')\n",
    "import pandas as pd"
   ]
  },
  {
   "cell_type": "code",
   "execution_count": 50,
   "metadata": {},
   "outputs": [
    {
     "name": "stdout",
     "output_type": "stream",
     "text": [
      "            date    close\n",
      "0     10/03/2015  1789.73\n",
      "1     11/03/2015  1778.16\n",
      "2     12/03/2015  1786.87\n",
      "3     13/03/2015  1781.75\n",
      "4     16/03/2015  1780.54\n",
      "5     17/03/2015  1787.87\n",
      "6     18/03/2015  1797.57\n",
      "7     19/03/2015  1809.13\n",
      "8     20/03/2015  1803.65\n",
      "9     23/03/2015  1795.85\n",
      "10    24/03/2015  1814.04\n",
      "11    25/03/2015  1819.10\n",
      "12    26/03/2015  1818.42\n",
      "13    27/03/2015  1813.37\n",
      "14    28/03/2015      NaN\n",
      "15    29/03/2015      NaN\n",
      "16    30/03/2015  1821.83\n",
      "17    31/03/2015  1830.78\n",
      "18    01/04/2015  1826.31\n",
      "19    02/04/2015  1831.97\n",
      "20    03/04/2015  1834.52\n",
      "21    04/04/2015      NaN\n",
      "22    05/04/2015      NaN\n",
      "23    06/04/2015  1842.94\n",
      "24    07/04/2015  1856.51\n",
      "25    08/04/2015  1850.31\n",
      "26    09/04/2015  1849.39\n",
      "27    10/04/2015  1844.31\n",
      "28    11/04/2015      NaN\n",
      "29    12/04/2015      NaN\n",
      "...          ...      ...\n",
      "1233  28/01/2020  1551.64\n",
      "1234  29/01/2020  1550.47\n",
      "1235  30/01/2020  1545.59\n",
      "1236  31/01/2020  1531.06\n",
      "1237  03/02/2020  1521.95\n",
      "1238  04/02/2020  1535.80\n",
      "1239  05/02/2020  1536.79\n",
      "1240  06/02/2020  1552.77\n",
      "1241  07/02/2020  1554.49\n",
      "1242  10/02/2020  1542.80\n",
      "1243  11/02/2020  1551.48\n",
      "1244  12/02/2020  1542.94\n",
      "1245  13/02/2020  1539.16\n",
      "1246  14/02/2020  1544.46\n",
      "1247  17/02/2020  1537.12\n",
      "1248  18/02/2020  1537.08\n",
      "1249  19/02/2020  1534.16\n",
      "1250  20/02/2020  1534.98\n",
      "1251  21/02/2020  1531.20\n",
      "1252  24/02/2020  1490.06\n",
      "1253  25/02/2020  1500.88\n",
      "1254  26/02/2020  1495.19\n",
      "1255  27/02/2020  1505.59\n",
      "1256  28/02/2020  1482.64\n",
      "1257  02/03/2020  1466.94\n",
      "1258  03/03/2020  1478.64\n",
      "1259  04/03/2020  1489.95\n",
      "1260  05/03/2020  1491.03\n",
      "1261  06/03/2020  1483.10\n",
      "1262  09/03/2020  1424.16\n",
      "\n",
      "[1263 rows x 2 columns]\n"
     ]
    }
   ],
   "source": [
    "mrk_ind = pd.read_csv('KLCI.csv', index_col =0)\n",
    "print(mrk_ind)"
   ]
  },
  {
   "cell_type": "code",
   "execution_count": 51,
   "metadata": {},
   "outputs": [
    {
     "name": "stdout",
     "output_type": "stream",
     "text": [
      "        close Trading Date\n",
      "0     1789.73   10-03-2015\n",
      "1     1778.16   11-03-2015\n",
      "2     1786.87   12-03-2015\n",
      "3     1781.75   03-13-2015\n",
      "4     1780.54   03-16-2015\n",
      "5     1787.87   03-17-2015\n",
      "6     1797.57   03-18-2015\n",
      "7     1809.13   03-19-2015\n",
      "8     1803.65   03-20-2015\n",
      "9     1795.85   03-23-2015\n",
      "10    1814.04   03-24-2015\n",
      "11    1819.10   03-25-2015\n",
      "12    1818.42   03-26-2015\n",
      "13    1813.37   03-27-2015\n",
      "14        NaN   03-28-2015\n",
      "15        NaN   03-29-2015\n",
      "16    1821.83   03-30-2015\n",
      "17    1830.78   03-31-2015\n",
      "18    1826.31   01-04-2015\n",
      "19    1831.97   02-04-2015\n",
      "20    1834.52   03-04-2015\n",
      "21        NaN   04-04-2015\n",
      "22        NaN   05-04-2015\n",
      "23    1842.94   06-04-2015\n",
      "24    1856.51   07-04-2015\n",
      "25    1850.31   08-04-2015\n",
      "26    1849.39   09-04-2015\n",
      "27    1844.31   10-04-2015\n",
      "28        NaN   11-04-2015\n",
      "29        NaN   12-04-2015\n",
      "...       ...          ...\n",
      "1233  1551.64   01-28-2020\n",
      "1234  1550.47   01-29-2020\n",
      "1235  1545.59   01-30-2020\n",
      "1236  1531.06   01-31-2020\n",
      "1237  1521.95   03-02-2020\n",
      "1238  1535.80   04-02-2020\n",
      "1239  1536.79   05-02-2020\n",
      "1240  1552.77   06-02-2020\n",
      "1241  1554.49   07-02-2020\n",
      "1242  1542.80   10-02-2020\n",
      "1243  1551.48   11-02-2020\n",
      "1244  1542.94   12-02-2020\n",
      "1245  1539.16   02-13-2020\n",
      "1246  1544.46   02-14-2020\n",
      "1247  1537.12   02-17-2020\n",
      "1248  1537.08   02-18-2020\n",
      "1249  1534.16   02-19-2020\n",
      "1250  1534.98   02-20-2020\n",
      "1251  1531.20   02-21-2020\n",
      "1252  1490.06   02-24-2020\n",
      "1253  1500.88   02-25-2020\n",
      "1254  1495.19   02-26-2020\n",
      "1255  1505.59   02-27-2020\n",
      "1256  1482.64   02-28-2020\n",
      "1257  1466.94   02-03-2020\n",
      "1258  1478.64   03-03-2020\n",
      "1259  1489.95   04-03-2020\n",
      "1260  1491.03   05-03-2020\n",
      "1261  1483.10   06-03-2020\n",
      "1262  1424.16   09-03-2020\n",
      "\n",
      "[1263 rows x 2 columns]\n"
     ]
    }
   ],
   "source": [
    "# Change the format of the date \n",
    "mrk_ind['date'] = pd.to_datetime(mrk_ind.date)\n",
    "mrk_ind['Trading Date'] = mrk_ind['date'].dt.strftime('%m-%d-%Y')\n",
    "mi = mrk_ind.drop(columns=['date'])\n",
    "print(mi)"
   ]
  },
  {
   "cell_type": "code",
   "execution_count": 44,
   "metadata": {},
   "outputs": [],
   "source": [
    "mrk_ind.dropna(how=\"any\").shape\n",
    "mrk_ind1 = mrk_ind.dropna(how=\"any\")"
   ]
  },
  {
   "cell_type": "code",
   "execution_count": 45,
   "metadata": {},
   "outputs": [
    {
     "name": "stdout",
     "output_type": "stream",
     "text": [
      "            date    close\n",
      "0     10/03/2015  1789.73\n",
      "1     11/03/2015  1778.16\n",
      "2     12/03/2015  1786.87\n",
      "3     13/03/2015  1781.75\n",
      "4     16/03/2015  1780.54\n",
      "5     17/03/2015  1787.87\n",
      "6     18/03/2015  1797.57\n",
      "7     19/03/2015  1809.13\n",
      "8     20/03/2015  1803.65\n",
      "9     23/03/2015  1795.85\n",
      "10    24/03/2015  1814.04\n",
      "11    25/03/2015  1819.10\n",
      "12    26/03/2015  1818.42\n",
      "13    27/03/2015  1813.37\n",
      "16    30/03/2015  1821.83\n",
      "17    31/03/2015  1830.78\n",
      "18    01/04/2015  1826.31\n",
      "19    02/04/2015  1831.97\n",
      "20    03/04/2015  1834.52\n",
      "23    06/04/2015  1842.94\n",
      "24    07/04/2015  1856.51\n",
      "25    08/04/2015  1850.31\n",
      "26    09/04/2015  1849.39\n",
      "27    10/04/2015  1844.31\n",
      "30    13/04/2015  1842.08\n",
      "31    14/04/2015  1839.61\n",
      "32    15/04/2015  1840.13\n",
      "33    16/04/2015  1847.94\n",
      "34    17/04/2015  1845.86\n",
      "37    20/04/2015  1848.66\n",
      "...          ...      ...\n",
      "1233  28/01/2020  1551.64\n",
      "1234  29/01/2020  1550.47\n",
      "1235  30/01/2020  1545.59\n",
      "1236  31/01/2020  1531.06\n",
      "1237  03/02/2020  1521.95\n",
      "1238  04/02/2020  1535.80\n",
      "1239  05/02/2020  1536.79\n",
      "1240  06/02/2020  1552.77\n",
      "1241  07/02/2020  1554.49\n",
      "1242  10/02/2020  1542.80\n",
      "1243  11/02/2020  1551.48\n",
      "1244  12/02/2020  1542.94\n",
      "1245  13/02/2020  1539.16\n",
      "1246  14/02/2020  1544.46\n",
      "1247  17/02/2020  1537.12\n",
      "1248  18/02/2020  1537.08\n",
      "1249  19/02/2020  1534.16\n",
      "1250  20/02/2020  1534.98\n",
      "1251  21/02/2020  1531.20\n",
      "1252  24/02/2020  1490.06\n",
      "1253  25/02/2020  1500.88\n",
      "1254  26/02/2020  1495.19\n",
      "1255  27/02/2020  1505.59\n",
      "1256  28/02/2020  1482.64\n",
      "1257  02/03/2020  1466.94\n",
      "1258  03/03/2020  1478.64\n",
      "1259  04/03/2020  1489.95\n",
      "1260  05/03/2020  1491.03\n",
      "1261  06/03/2020  1483.10\n",
      "1262  09/03/2020  1424.16\n",
      "\n",
      "[1226 rows x 2 columns]\n"
     ]
    }
   ],
   "source": [
    "print(mrk_ind1)"
   ]
  },
  {
   "cell_type": "code",
   "execution_count": 52,
   "metadata": {},
   "outputs": [
    {
     "data": {
      "text/plain": [
       "close           37\n",
       "Trading Date     0\n",
       "dtype: int64"
      ]
     },
     "execution_count": 52,
     "metadata": {},
     "output_type": "execute_result"
    }
   ],
   "source": [
    "# Check the number of Empty Value of every row\n",
    "mi.isnull().sum()"
   ]
  },
  {
   "cell_type": "code",
   "execution_count": 53,
   "metadata": {},
   "outputs": [
    {
     "name": "stdout",
     "output_type": "stream",
     "text": [
      "        close Trading Date\n",
      "0     1789.73   10-03-2015\n",
      "1     1778.16   11-03-2015\n",
      "2     1786.87   12-03-2015\n",
      "3     1781.75   03-13-2015\n",
      "4     1780.54   03-16-2015\n",
      "5     1787.87   03-17-2015\n",
      "6     1797.57   03-18-2015\n",
      "7     1809.13   03-19-2015\n",
      "8     1803.65   03-20-2015\n",
      "9     1795.85   03-23-2015\n",
      "10    1814.04   03-24-2015\n",
      "11    1819.10   03-25-2015\n",
      "12    1818.42   03-26-2015\n",
      "13    1813.37   03-27-2015\n",
      "16    1821.83   03-30-2015\n",
      "17    1830.78   03-31-2015\n",
      "18    1826.31   01-04-2015\n",
      "19    1831.97   02-04-2015\n",
      "20    1834.52   03-04-2015\n",
      "23    1842.94   06-04-2015\n",
      "24    1856.51   07-04-2015\n",
      "25    1850.31   08-04-2015\n",
      "26    1849.39   09-04-2015\n",
      "27    1844.31   10-04-2015\n",
      "30    1842.08   04-13-2015\n",
      "31    1839.61   04-14-2015\n",
      "32    1840.13   04-15-2015\n",
      "33    1847.94   04-16-2015\n",
      "34    1845.86   04-17-2015\n",
      "37    1848.66   04-20-2015\n",
      "...       ...          ...\n",
      "1233  1551.64   01-28-2020\n",
      "1234  1550.47   01-29-2020\n",
      "1235  1545.59   01-30-2020\n",
      "1236  1531.06   01-31-2020\n",
      "1237  1521.95   03-02-2020\n",
      "1238  1535.80   04-02-2020\n",
      "1239  1536.79   05-02-2020\n",
      "1240  1552.77   06-02-2020\n",
      "1241  1554.49   07-02-2020\n",
      "1242  1542.80   10-02-2020\n",
      "1243  1551.48   11-02-2020\n",
      "1244  1542.94   12-02-2020\n",
      "1245  1539.16   02-13-2020\n",
      "1246  1544.46   02-14-2020\n",
      "1247  1537.12   02-17-2020\n",
      "1248  1537.08   02-18-2020\n",
      "1249  1534.16   02-19-2020\n",
      "1250  1534.98   02-20-2020\n",
      "1251  1531.20   02-21-2020\n",
      "1252  1490.06   02-24-2020\n",
      "1253  1500.88   02-25-2020\n",
      "1254  1495.19   02-26-2020\n",
      "1255  1505.59   02-27-2020\n",
      "1256  1482.64   02-28-2020\n",
      "1257  1466.94   02-03-2020\n",
      "1258  1478.64   03-03-2020\n",
      "1259  1489.95   04-03-2020\n",
      "1260  1491.03   05-03-2020\n",
      "1261  1483.10   06-03-2020\n",
      "1262  1424.16   09-03-2020\n",
      "\n",
      "[1226 rows x 2 columns]\n"
     ]
    }
   ],
   "source": [
    "# Drop the row contain that contain empty number\n",
    "mi.dropna(how=\"any\").shape\n",
    "mi2 = mi.dropna(how=\"any\")\n",
    "print(mi2)"
   ]
  },
  {
   "cell_type": "code",
   "execution_count": 54,
   "metadata": {},
   "outputs": [
    {
     "name": "stdout",
     "output_type": "stream",
     "text": [
      "      Closing Index Trading Date\n",
      "0           1789.73   10-03-2015\n",
      "1           1778.16   11-03-2015\n",
      "2           1786.87   12-03-2015\n",
      "3           1781.75   03-13-2015\n",
      "4           1780.54   03-16-2015\n",
      "5           1787.87   03-17-2015\n",
      "6           1797.57   03-18-2015\n",
      "7           1809.13   03-19-2015\n",
      "8           1803.65   03-20-2015\n",
      "9           1795.85   03-23-2015\n",
      "10          1814.04   03-24-2015\n",
      "11          1819.10   03-25-2015\n",
      "12          1818.42   03-26-2015\n",
      "13          1813.37   03-27-2015\n",
      "16          1821.83   03-30-2015\n",
      "17          1830.78   03-31-2015\n",
      "18          1826.31   01-04-2015\n",
      "19          1831.97   02-04-2015\n",
      "20          1834.52   03-04-2015\n",
      "23          1842.94   06-04-2015\n",
      "24          1856.51   07-04-2015\n",
      "25          1850.31   08-04-2015\n",
      "26          1849.39   09-04-2015\n",
      "27          1844.31   10-04-2015\n",
      "30          1842.08   04-13-2015\n",
      "31          1839.61   04-14-2015\n",
      "32          1840.13   04-15-2015\n",
      "33          1847.94   04-16-2015\n",
      "34          1845.86   04-17-2015\n",
      "37          1848.66   04-20-2015\n",
      "...             ...          ...\n",
      "1233        1551.64   01-28-2020\n",
      "1234        1550.47   01-29-2020\n",
      "1235        1545.59   01-30-2020\n",
      "1236        1531.06   01-31-2020\n",
      "1237        1521.95   03-02-2020\n",
      "1238        1535.80   04-02-2020\n",
      "1239        1536.79   05-02-2020\n",
      "1240        1552.77   06-02-2020\n",
      "1241        1554.49   07-02-2020\n",
      "1242        1542.80   10-02-2020\n",
      "1243        1551.48   11-02-2020\n",
      "1244        1542.94   12-02-2020\n",
      "1245        1539.16   02-13-2020\n",
      "1246        1544.46   02-14-2020\n",
      "1247        1537.12   02-17-2020\n",
      "1248        1537.08   02-18-2020\n",
      "1249        1534.16   02-19-2020\n",
      "1250        1534.98   02-20-2020\n",
      "1251        1531.20   02-21-2020\n",
      "1252        1490.06   02-24-2020\n",
      "1253        1500.88   02-25-2020\n",
      "1254        1495.19   02-26-2020\n",
      "1255        1505.59   02-27-2020\n",
      "1256        1482.64   02-28-2020\n",
      "1257        1466.94   02-03-2020\n",
      "1258        1478.64   03-03-2020\n",
      "1259        1489.95   04-03-2020\n",
      "1260        1491.03   05-03-2020\n",
      "1261        1483.10   06-03-2020\n",
      "1262        1424.16   09-03-2020\n",
      "\n",
      "[1226 rows x 2 columns]\n"
     ]
    },
    {
     "name": "stderr",
     "output_type": "stream",
     "text": [
      "C:\\ProgramData\\Anaconda3\\lib\\site-packages\\pandas\\core\\frame.py:3781: SettingWithCopyWarning: \n",
      "A value is trying to be set on a copy of a slice from a DataFrame\n",
      "\n",
      "See the caveats in the documentation: http://pandas.pydata.org/pandas-docs/stable/indexing.html#indexing-view-versus-copy\n",
      "  return super(DataFrame, self).rename(**kwargs)\n"
     ]
    }
   ],
   "source": [
    "# Rename the column\n",
    "mi2.rename(columns = {'close':'Closing Index'}, inplace = True) \n",
    "print(mi2)"
   ]
  },
  {
   "cell_type": "code",
   "execution_count": 55,
   "metadata": {},
   "outputs": [
    {
     "name": "stdout",
     "output_type": "stream",
     "text": [
      "      Closing Index Trading Date\n",
      "0           1789.73   10-03-2015\n",
      "1           1778.16   11-03-2015\n",
      "2           1786.87   12-03-2015\n",
      "3           1781.75   03-13-2015\n",
      "4           1780.54   03-16-2015\n",
      "5           1787.87   03-17-2015\n",
      "6           1797.57   03-18-2015\n",
      "7           1809.13   03-19-2015\n",
      "8           1803.65   03-20-2015\n",
      "9           1795.85   03-23-2015\n",
      "10          1814.04   03-24-2015\n",
      "11          1819.10   03-25-2015\n",
      "12          1818.42   03-26-2015\n",
      "13          1813.37   03-27-2015\n",
      "16          1821.83   03-30-2015\n",
      "17          1830.78   03-31-2015\n",
      "18          1826.31   01-04-2015\n",
      "19          1831.97   02-04-2015\n",
      "20          1834.52   03-04-2015\n",
      "23          1842.94   06-04-2015\n",
      "24          1856.51   07-04-2015\n",
      "25          1850.31   08-04-2015\n",
      "26          1849.39   09-04-2015\n",
      "27          1844.31   10-04-2015\n",
      "30          1842.08   04-13-2015\n",
      "31          1839.61   04-14-2015\n",
      "32          1840.13   04-15-2015\n",
      "33          1847.94   04-16-2015\n",
      "34          1845.86   04-17-2015\n",
      "37          1848.66   04-20-2015\n",
      "...             ...          ...\n",
      "1224        1580.60   01-14-2020\n",
      "1225        1585.14   01-15-2020\n",
      "1226        1587.88   01-16-2020\n",
      "1227        1595.81   01-17-2020\n",
      "1228        1588.88   01-20-2020\n",
      "1229        1587.33   01-21-2020\n",
      "1230        1577.98   01-22-2020\n",
      "1231        1574.44   01-23-2020\n",
      "1232        1572.81   01-24-2020\n",
      "1233        1551.64   01-28-2020\n",
      "1234        1550.47   01-29-2020\n",
      "1235        1545.59   01-30-2020\n",
      "1236        1531.06   01-31-2020\n",
      "1237        1521.95   03-02-2020\n",
      "1238        1535.80   04-02-2020\n",
      "1239        1536.79   05-02-2020\n",
      "1240        1552.77   06-02-2020\n",
      "1241        1554.49   07-02-2020\n",
      "1242        1542.80   10-02-2020\n",
      "1243        1551.48   11-02-2020\n",
      "1244        1542.94   12-02-2020\n",
      "1245        1539.16   02-13-2020\n",
      "1246        1544.46   02-14-2020\n",
      "1247        1537.12   02-17-2020\n",
      "1248        1537.08   02-18-2020\n",
      "1249        1534.16   02-19-2020\n",
      "1250        1534.98   02-20-2020\n",
      "1251        1531.20   02-21-2020\n",
      "1253        1500.88   02-25-2020\n",
      "1255        1505.59   02-27-2020\n",
      "\n",
      "[1217 rows x 2 columns]\n"
     ]
    }
   ],
   "source": [
    "# Filter the index performance > 1500\n",
    "mrk_ind2 = mi2.loc[mi2['Closing Index']>1500,['Closing Index','Trading Date']]\n",
    "print(mrk_ind2)"
   ]
  },
  {
   "cell_type": "code",
   "execution_count": null,
   "metadata": {},
   "outputs": [],
   "source": []
  }
 ],
 "metadata": {
  "kernelspec": {
   "display_name": "Python 3",
   "language": "python",
   "name": "python3"
  },
  "language_info": {
   "codemirror_mode": {
    "name": "ipython",
    "version": 3
   },
   "file_extension": ".py",
   "mimetype": "text/x-python",
   "name": "python",
   "nbconvert_exporter": "python",
   "pygments_lexer": "ipython3",
   "version": "3.7.1"
  }
 },
 "nbformat": 4,
 "nbformat_minor": 2
}
